2023/05/14-16:40:29.463938 7fe19de8db00 RocksDB version: 5.7.5
2023/05/14-16:40:29.463981 7fe19de8db00 Git sha rocksdb_build_git_sha:
2023/05/14-16:40:29.463983 7fe19de8db00 Compile date Oct 30 2022
2023/05/14-16:40:29.463984 7fe19de8db00 DB SUMMARY
2023/05/14-16:40:29.464006 7fe19de8db00 CURRENT file:  CURRENT
2023/05/14-16:40:29.464007 7fe19de8db00 IDENTITY file:  IDENTITY
2023/05/14-16:40:29.464009 7fe19de8db00 MANIFEST file:  MANIFEST-000005 size: 94 Bytes
2023/05/14-16:40:29.464010 7fe19de8db00 SST files in ./database/my.cdb dir, Total Num: 1, files: 000004.sst 
2023/05/14-16:40:29.464011 7fe19de8db00 Write Ahead Log file in ./database/my.cdb: 000006.log size: 495 ; 
2023/05/14-16:40:29.464012 7fe19de8db00                         Options.error_if_exists: 0
2023/05/14-16:40:29.464013 7fe19de8db00                       Options.create_if_missing: 1
2023/05/14-16:40:29.464013 7fe19de8db00                         Options.paranoid_checks: 1
2023/05/14-16:40:29.464014 7fe19de8db00                                     Options.env: 0x7fe19d652920
2023/05/14-16:40:29.464014 7fe19de8db00                                Options.info_log: 0x55aabf61c680
2023/05/14-16:40:29.464015 7fe19de8db00                Options.max_file_opening_threads: 16
2023/05/14-16:40:29.464016 7fe19de8db00                               Options.use_fsync: 1
2023/05/14-16:40:29.464016 7fe19de8db00                       Options.max_log_file_size: 0
2023/05/14-16:40:29.464017 7fe19de8db00                  Options.max_manifest_file_size: 18446744073709551615
2023/05/14-16:40:29.464017 7fe19de8db00                   Options.log_file_time_to_roll: 0
2023/05/14-16:40:29.464018 7fe19de8db00                       Options.keep_log_file_num: 1000
2023/05/14-16:40:29.464018 7fe19de8db00                    Options.recycle_log_file_num: 0
2023/05/14-16:40:29.464019 7fe19de8db00                         Options.allow_fallocate: 1
2023/05/14-16:40:29.464019 7fe19de8db00                        Options.allow_mmap_reads: 0
2023/05/14-16:40:29.464020 7fe19de8db00                       Options.allow_mmap_writes: 0
2023/05/14-16:40:29.464020 7fe19de8db00                        Options.use_direct_reads: 0
2023/05/14-16:40:29.464021 7fe19de8db00                        Options.use_direct_io_for_flush_and_compaction: 0
2023/05/14-16:40:29.464021 7fe19de8db00          Options.create_missing_column_families: 0
2023/05/14-16:40:29.464022 7fe19de8db00                              Options.db_log_dir: 
2023/05/14-16:40:29.464022 7fe19de8db00                                 Options.wal_dir: ./database/my.cdb
2023/05/14-16:40:29.464023 7fe19de8db00                Options.table_cache_numshardbits: 6
2023/05/14-16:40:29.464023 7fe19de8db00                      Options.max_subcompactions: 1
2023/05/14-16:40:29.464024 7fe19de8db00                  Options.max_background_flushes: -1
2023/05/14-16:40:29.464025 7fe19de8db00                         Options.WAL_ttl_seconds: 0
2023/05/14-16:40:29.464025 7fe19de8db00                       Options.WAL_size_limit_MB: 0
2023/05/14-16:40:29.464026 7fe19de8db00             Options.manifest_preallocation_size: 4194304
2023/05/14-16:40:29.464026 7fe19de8db00                     Options.is_fd_close_on_exec: 1
2023/05/14-16:40:29.464027 7fe19de8db00                   Options.advise_random_on_open: 1
2023/05/14-16:40:29.464027 7fe19de8db00                    Options.db_write_buffer_size: 0
2023/05/14-16:40:29.464028 7fe19de8db00         Options.access_hint_on_compaction_start: 1
2023/05/14-16:40:29.464028 7fe19de8db00  Options.new_table_reader_for_compaction_inputs: 0
2023/05/14-16:40:29.464029 7fe19de8db00               Options.compaction_readahead_size: 0
2023/05/14-16:40:29.464029 7fe19de8db00           Options.random_access_max_buffer_size: 1048576
2023/05/14-16:40:29.464030 7fe19de8db00           Options.writable_file_max_buffer_size: 1048576
2023/05/14-16:40:29.464030 7fe19de8db00                      Options.use_adaptive_mutex: 0
2023/05/14-16:40:29.464031 7fe19de8db00                            Options.rate_limiter: (nil)
2023/05/14-16:40:29.464032 7fe19de8db00     Options.sst_file_manager.rate_bytes_per_sec: 0
2023/05/14-16:40:29.464032 7fe19de8db00                          Options.bytes_per_sync: 0
2023/05/14-16:40:29.464038 7fe19de8db00                      Options.wal_bytes_per_sync: 0
2023/05/14-16:40:29.464039 7fe19de8db00                       Options.wal_recovery_mode: 2
2023/05/14-16:40:29.464040 7fe19de8db00                  Options.enable_thread_tracking: 0
2023/05/14-16:40:29.464041 7fe19de8db00                  Options.enable_pipelined_write: 0
2023/05/14-16:40:29.464042 7fe19de8db00         Options.allow_concurrent_memtable_write: 1
2023/05/14-16:40:29.464042 7fe19de8db00      Options.enable_write_thread_adaptive_yield: 1
2023/05/14-16:40:29.464043 7fe19de8db00             Options.write_thread_max_yield_usec: 100
2023/05/14-16:40:29.464044 7fe19de8db00            Options.write_thread_slow_yield_usec: 3
2023/05/14-16:40:29.464045 7fe19de8db00                               Options.row_cache: None
2023/05/14-16:40:29.464045 7fe19de8db00                              Options.wal_filter: None
2023/05/14-16:40:29.464046 7fe19de8db00             Options.avoid_flush_during_recovery: 0
2023/05/14-16:40:29.464047 7fe19de8db00             Options.allow_ingest_behind: 0
2023/05/14-16:40:29.464048 7fe19de8db00             Options.concurrent_prepare: 0
2023/05/14-16:40:29.464049 7fe19de8db00             Options.manual_wal_flush: 0
2023/05/14-16:40:29.464050 7fe19de8db00             Options.max_background_jobs: 2
2023/05/14-16:40:29.464051 7fe19de8db00             Options.max_background_compactions: -1
2023/05/14-16:40:29.464052 7fe19de8db00             Options.avoid_flush_during_shutdown: 0
2023/05/14-16:40:29.464053 7fe19de8db00             Options.delayed_write_rate : 16777216
2023/05/14-16:40:29.464054 7fe19de8db00             Options.max_total_wal_size: 0
2023/05/14-16:40:29.464055 7fe19de8db00             Options.delete_obsolete_files_period_micros: 21600000000
2023/05/14-16:40:29.464056 7fe19de8db00                   Options.stats_dump_period_sec: 600
2023/05/14-16:40:29.464057 7fe19de8db00                          Options.max_open_files: -1
2023/05/14-16:40:29.464058 7fe19de8db00 Compression algorithms supported:
2023/05/14-16:40:29.464058 7fe19de8db00 	Snappy supported: 1
2023/05/14-16:40:29.464073 7fe19de8db00 	Zlib supported: 1
2023/05/14-16:40:29.464074 7fe19de8db00 	Bzip supported: 1
2023/05/14-16:40:29.464075 7fe19de8db00 	LZ4 supported: 1
2023/05/14-16:40:29.464075 7fe19de8db00 	ZSTD supported: 0
2023/05/14-16:40:29.464076 7fe19de8db00 Fast CRC32 supported: 1
2023/05/14-16:40:29.464162 7fe19de8db00 [db/version_set.cc:2712] Recovering from manifest file: MANIFEST-000005
2023/05/14-16:40:29.464193 7fe19de8db00 [db/column_family.cc:413] --------------- Options for column family [default]:
2023/05/14-16:40:29.464194 7fe19de8db00               Options.comparator: leveldb.BytewiseComparator
2023/05/14-16:40:29.464195 7fe19de8db00           Options.merge_operator: StringAppendOperator
2023/05/14-16:40:29.464196 7fe19de8db00        Options.compaction_filter: None
2023/05/14-16:40:29.464196 7fe19de8db00        Options.compaction_filter_factory: None
2023/05/14-16:40:29.464197 7fe19de8db00         Options.memtable_factory: SkipListFactory
2023/05/14-16:40:29.464197 7fe19de8db00            Options.table_factory: BlockBasedTable
2023/05/14-16:40:29.464210 7fe19de8db00            table_factory options:   flush_block_policy_factory: FlushBlockBySizePolicyFactory (0x55aabf617e30)
  cache_index_and_filter_blocks: 0
  cache_index_and_filter_blocks_with_high_priority: 0
  pin_l0_filter_and_index_blocks_in_cache: 0
  index_type: 0
  hash_index_allow_collision: 1
  checksum: 1
  no_block_cache: 0
  block_cache: 0x55aabf612ef0
  block_cache_name: LRUCache
  block_cache_options:
    capacity : 8388608
    num_shard_bits : 4
    strict_capacity_limit : 0
    high_pri_pool_ratio: 0.000
  block_cache_compressed: (nil)
  persistent_cache: (nil)
  block_size: 4096
  block_size_deviation: 10
  block_restart_interval: 16
  index_block_restart_interval: 1
  filter_policy: nullptr
  whole_key_filtering: 1
  format_version: 2
2023/05/14-16:40:29.464212 7fe19de8db00        Options.write_buffer_size: 67108864
2023/05/14-16:40:29.464219 7fe19de8db00  Options.max_write_buffer_number: 2
2023/05/14-16:40:29.464221 7fe19de8db00          Options.compression: Snappy
2023/05/14-16:40:29.464222 7fe19de8db00                  Options.bottommost_compression: Disabled
2023/05/14-16:40:29.464222 7fe19de8db00       Options.prefix_extractor: nullptr
2023/05/14-16:40:29.464223 7fe19de8db00   Options.memtable_insert_with_hint_prefix_extractor: nullptr
2023/05/14-16:40:29.464223 7fe19de8db00             Options.num_levels: 7
2023/05/14-16:40:29.464224 7fe19de8db00        Options.min_write_buffer_number_to_merge: 1
2023/05/14-16:40:29.464224 7fe19de8db00     Options.max_write_buffer_number_to_maintain: 0
2023/05/14-16:40:29.464225 7fe19de8db00            Options.compression_opts.window_bits: -14
2023/05/14-16:40:29.464225 7fe19de8db00                  Options.compression_opts.level: -1
2023/05/14-16:40:29.464226 7fe19de8db00               Options.compression_opts.strategy: 0
2023/05/14-16:40:29.464226 7fe19de8db00         Options.compression_opts.max_dict_bytes: 0
2023/05/14-16:40:29.464227 7fe19de8db00      Options.level0_file_num_compaction_trigger: 4
2023/05/14-16:40:29.464227 7fe19de8db00          Options.level0_slowdown_writes_trigger: 20
2023/05/14-16:40:29.464228 7fe19de8db00              Options.level0_stop_writes_trigger: 36
2023/05/14-16:40:29.464228 7fe19de8db00                   Options.target_file_size_base: 67108864
2023/05/14-16:40:29.464229 7fe19de8db00             Options.target_file_size_multiplier: 1
2023/05/14-16:40:29.464230 7fe19de8db00                Options.max_bytes_for_level_base: 268435456
2023/05/14-16:40:29.464230 7fe19de8db00 Options.level_compaction_dynamic_level_bytes: 0
2023/05/14-16:40:29.464231 7fe19de8db00          Options.max_bytes_for_level_multiplier: 10.000000
2023/05/14-16:40:29.464233 7fe19de8db00 Options.max_bytes_for_level_multiplier_addtl[0]: 1
2023/05/14-16:40:29.464233 7fe19de8db00 Options.max_bytes_for_level_multiplier_addtl[1]: 1
2023/05/14-16:40:29.464234 7fe19de8db00 Options.max_bytes_for_level_multiplier_addtl[2]: 1
2023/05/14-16:40:29.464234 7fe19de8db00 Options.max_bytes_for_level_multiplier_addtl[3]: 1
2023/05/14-16:40:29.464235 7fe19de8db00 Options.max_bytes_for_level_multiplier_addtl[4]: 1
2023/05/14-16:40:29.464235 7fe19de8db00 Options.max_bytes_for_level_multiplier_addtl[5]: 1
2023/05/14-16:40:29.464236 7fe19de8db00 Options.max_bytes_for_level_multiplier_addtl[6]: 1
2023/05/14-16:40:29.464236 7fe19de8db00       Options.max_sequential_skip_in_iterations: 8
2023/05/14-16:40:29.464237 7fe19de8db00                    Options.max_compaction_bytes: 1677721600
2023/05/14-16:40:29.464238 7fe19de8db00                        Options.arena_block_size: 8388608
2023/05/14-16:40:29.464238 7fe19de8db00   Options.soft_pending_compaction_bytes_limit: 68719476736
2023/05/14-16:40:29.464239 7fe19de8db00   Options.hard_pending_compaction_bytes_limit: 274877906944
2023/05/14-16:40:29.464239 7fe19de8db00       Options.rate_limit_delay_max_milliseconds: 100
2023/05/14-16:40:29.464240 7fe19de8db00                Options.disable_auto_compactions: 0
2023/05/14-16:40:29.464241 7fe19de8db00                        Options.compaction_style: kCompactionStyleLevel
2023/05/14-16:40:29.464241 7fe19de8db00                          Options.compaction_pri: kByCompensatedSize
2023/05/14-16:40:29.464242 7fe19de8db00 Options.compaction_options_universal.size_ratio: 1
2023/05/14-16:40:29.464243 7fe19de8db00 Options.compaction_options_universal.min_merge_width: 2
2023/05/14-16:40:29.464243 7fe19de8db00 Options.compaction_options_universal.max_merge_width: 4294967295
2023/05/14-16:40:29.464244 7fe19de8db00 Options.compaction_options_universal.max_size_amplification_percent: 200
2023/05/14-16:40:29.464244 7fe19de8db00 Options.compaction_options_universal.compression_size_percent: -1
2023/05/14-16:40:29.464245 7fe19de8db00 Options.compaction_options_universal.stop_style: kCompactionStopStyleTotalSize
2023/05/14-16:40:29.464245 7fe19de8db00 Options.compaction_options_fifo.max_table_files_size: 1073741824
2023/05/14-16:40:29.464248 7fe19de8db00 Options.compaction_options_fifo.allow_compaction: 0
2023/05/14-16:40:29.464249 7fe19de8db00 Options.compaction_options_fifo.ttl: 0
2023/05/14-16:40:29.464250 7fe19de8db00                   Options.table_properties_collectors: 
2023/05/14-16:40:29.464250 7fe19de8db00                   Options.inplace_update_support: 0
2023/05/14-16:40:29.464251 7fe19de8db00                 Options.inplace_update_num_locks: 10000
2023/05/14-16:40:29.464251 7fe19de8db00               Options.memtable_prefix_bloom_size_ratio: 0.000000
2023/05/14-16:40:29.464252 7fe19de8db00   Options.memtable_huge_page_size: 0
2023/05/14-16:40:29.464253 7fe19de8db00                           Options.bloom_locality: 0
2023/05/14-16:40:29.464253 7fe19de8db00                    Options.max_successive_merges: 0
2023/05/14-16:40:29.464254 7fe19de8db00                Options.optimize_filters_for_hits: 0
2023/05/14-16:40:29.464254 7fe19de8db00                Options.paranoid_file_checks: 0
2023/05/14-16:40:29.464255 7fe19de8db00                Options.force_consistency_checks: 0
2023/05/14-16:40:29.464255 7fe19de8db00                Options.report_bg_io_stats: 0
2023/05/14-16:40:29.465072 7fe19de8db00 [db/version_set.cc:2969] Recovered from manifest file:./database/my.cdb/MANIFEST-000005 succeeded,manifest_file_number is 5, next_file_number is 7, last_sequence is 14, log_number is 0,prev_log_number is 0,max_column_family is 0
2023/05/14-16:40:29.465076 7fe19de8db00 [db/version_set.cc:2977] Column family [default] (ID 0), log number is 4
2023/05/14-16:40:29.465121 7fe19de8db00 EVENT_LOG_v1 {"time_micros": 1684053629465112, "job": 1, "event": "recovery_started", "log_files": [6]}
2023/05/14-16:40:29.465126 7fe19de8db00 [db/db_impl_open.cc:506] Recovering log #6 mode 2
2023/05/14-16:40:29.466462 7fe19de8db00 EVENT_LOG_v1 {"time_micros": 1684053629466457, "cf_name": "default", "job": 1, "event": "table_file_creation", "file_number": 7, "file_size": 1148, "table_properties": {"data_size": 239, "index_size": 28, "filter_size": 0, "raw_key_size": 100, "raw_average_key_size": 14, "raw_value_size": 106, "raw_average_value_size": 15, "num_data_blocks": 1, "num_entries": 7, "filter_policy_name": "", "kDeletedKeys": "0", "kMergeOperands": "0"}}
2023/05/14-16:40:29.466485 7fe19de8db00 [db/version_set.cc:2498] Creating manifest 8
2023/05/14-16:40:29.468528 7fe19de8db00 EVENT_LOG_v1 {"time_micros": 1684053629468527, "job": 1, "event": "recovery_finished"}
2023/05/14-16:40:29.471020 7fe19de8db00 [db/db_impl_open.cc:1111] DB pointer 0x55aabf6478b0
2023/05/14-16:40:30.299914 7fe19de8db00 [db/db_impl.cc:222] Shutdown: canceling all background work
2023/05/14-16:40:30.300108 7fe19de8db00 [db/db_impl.cc:348] Shutdown complete
